DRIVER
  os.environ['SMA_TSO_COSMOS_ELEMAT'] = '1'
  driver.registerSaveRule( UpdateRules.COPY, CheckPoints.ITER_COMPLETE, EventTimes.LAST, [ '*.ste*' ], 'SAVE.ste', '' )
  driver.registerSaveRule( UpdateRules.COPY, CheckPoints.ITER_COMPLETE, EventTimes.LAST, [ '*.ste*' ], 'SAVE.ste', '' )
  driver.registerSaveRule( UpdateRules.COPY, CheckPoints.ITER_COMPLETE, EventTimes.LAST, [ '*.lcd*' ], 'SAVE.ste', '' )
  driver.registerSaveRule( UpdateRules.COPY, CheckPoints.ITER_COMPLETE, EventTimes.LAST, [ '*.lcm*' ], 'SAVE.ste', '' )
END_

FEM_INPUT
  ID_NAME = upper_ring_focuser-Topology_Study_1_1
  FILE = upper_ring_focuser-Topology Study 1.NOD
END_

*SET_DB,rint,130,1

GROUP_DEF
  ID_NAME = FROZEN_AREA_ELEMS_GRP_1
  TYPE=ELEM
  FORMAT=LIST
  LIST_BEGIN
1,19,46,117,139,193,196,206,211,217,239,241,242,262,289,507,529,536,556,618,622,626,649,660,
677,687,688,691,692,693,695,707,720,797,915,984,994,995,996,997,999,1063,1140,1219,1220,1221,
1226,1426,1432,1468,1490,1497,1590,1625,1654,1707,1788,1791,1843,1885,1889,1903,1911,2018,
2067,2131,2184,2252,2263,2296,2307,2314,2318,2362,2363,2365,2366,2367,2610,2618,2649,2710,
2762,2823,2826,2903,2923,3061,3062,3068,3127,3129,3250,3293,3294,3451,3452,3469,3470,3657,
3659,3661,3724,3737,3743,3766,3796,3802,3811,3839,4022,4025,4075,4077,4078,4156,4160,4168,
4293,4307,4482,4483,4484,4485,4487,4607,4609,4623,4624,4644,4648,4701,4902,4942,4985,5210,
5230,5240,5248,5249,5258,5321,5336,5339,5352,5406,5416,5440,5451,5452,5467,5470,5489,5901,
5902,5904,5962,5965,5974,5976,5978,6058,6197,6544,6545,6564,6567,6790,6793,6885,6900,7125,
7139,7145,7183,7200,7205,7392,7528,7535,7553,7570,7576,7596,7599,7614,7615,7617,7619,7620,
7672,7696,7724,7725,7726,7727,7737,7739,7741,7751,7795,7927,7934,7949,7963,8008,8048,8069,
8129,8130,8165,8199,8222,8224,8274,8275,8277,8278,8280,8281,8290,8291,8293,8294,8295,8301,
8340,8353,8479,8696,8747,8805,8837,8927,8928,8942,8943,8949,8988,8990,8996,9006,9007,9009,
9010,9029,9060,9133,9153,9245,9309,9323,9390,9391,9408,9409,9410,9411,9412,9415,9437,9438,
9490,9492,9493,9532,9558,9579,9613,9636,9637,9713,9735,9757,9867,9905,9926,9927,9937,9944,
9950,9955,9960,9961,9975,9979,9983,9985,9991,9994,9996,9997,10005,10021,10027,10034,10052,
10055,10062,10063,10066,10067,10068,10069,10078,10082,10083,10084,10088,10090,10094,10111,
10116,10117,10118,10121,10123,10148,10167,10187,10195,10232,10268,10273,10281,10293,10297,
10301,10302,10304,10311,10319,10323,10324,10330,10331,10337,10340,10344,10345,10347,10350,
10360,10372,10381,10385,10431,10472,10478,10491,10505,10507,10509,10510,10511,10526,10537,
10550,10558,10633,10651,10653,10654,10675,10694,10822,10828,10842,10844,10854,10858,10859,
10871,10879,10880,10883,10938,10959,10972,10974,10980,10989,10995,10999,11006,11022,11028,
11035,11042,11049,11051,11057,11058,11062,11076,11101,11114,11126,11127,11169,11171,11175,
11178,11179,11183,11196,11207,11214,11220,11242,11244,11246,11248,11253,11255,11266,11267,
11273,11275,11282,11291,11293,11295,11296,11303,11305,11309,11313,11319,11320,11321,11322,
11323,11325,11327,11329,11330,11335,11339,11349,11359,11360,11362,11365,11366,11367,11376,
11379,11380,11382,11384,11388,11389,11396,11403,11404,11430,11450,11458,11465,11469,11472,
11477,11482,11489,11531,11556,11561,11564,11566,11567,11568,11585,11605,11615,11617,11626,
11629,11635,11644,11660,11666,11668,11673,11675,11677,11679,11681,11682,11683,11685,11686,
11701,11707,11711,11714,11719,11720,11726,11732,11735,11742,11743,11773,11781,11784,11786,
11787,11796,11802,11812,11813,11814,11818,11820,11823,11826,11836,11841,11843,11847,11854,
11856,11860,11872,11882,11899,11900,11903,11906,11908,11919,11924,11930,11934,11973,11975,
11976,11977,11981,11987,12001,12003,12024,12034,12038,12057,12061,12066,12069,12070,12104,
12112,12115,12119,12128,12135,12136,12137,12139,12142,12152,12161,12165,12172,12176,12179,
12180,12193,12197,12198,12209,12223,12228,12231,12241,12243,12244,12250,12257,12263,12265,
12268,12271,12273,12283,12287,12288,12289,12290,12294,12295,12296,12298,12301,12302,12303,
12305,12307,12313,12315,12324,12329,12334,12338,12347,12349,12351,12355,12359,12373,12402,
12405,12406,12414,12420,12424,12432,12433,12449,12451,12454,12459,12463,12464,12466,12468,
12471,12473,12475,12476,12477,12479,12484,12490,12492,12494,12495,12497,12500,12501,12502,
12503,12504,12505,12509,12512,12514,12518,12520,12524,12525,12529,12531,12532,12533,12536,
12540,12542,12544,12546,12548,12550,12553,12554,12555,12556,12565,12567,12569,12573,12574,
12578,12579,12580,12583,12585,12587,12589,12595,12596,12597,12598,12599,12600,12602,12604,
12605,12615,12618,12621,12623,12625,12629,12636,12637,12638,12639,12640,12645,12654,12655,
12659,12660,12661,12662,12663,12664,12665,12670,12671,12674,12679,12680,12682,12686,12688,
12690,12694,12699,12701,12705,12706,12708,12711,12715,12716,12717,12718,12719,12723,12724,
12728,12729,12731,12732,12735,12737,12739,12744,12749,12750,12751,12755,12756,12757,12760,
12761,12762,12766,12767,12768,12769,12770,12776,12779,12780,12781,12782,12784,12786,12790,
12794,12797,12798,12799,12802,12804,12808,12809,12812,12815,12816,12819,12821,12822,12823,
12832,12833,12840,12841,12843,12845,12846,12849,12855,12858,12860,12863,12864,12865,12866,
12870,12871,12872,12873,12874,12879,12886,12888,12889,12890,12892,12893,12895,12896,12898,
12899,12900,12902,12904,12905,12906,12909,12913,12914,12915,12917,12918,12920,12921,12924,
12928,12929,12937,12939,12941,12943,12944,12946,12950,12951,12953,12954,12955,12956,12959,
12960,12962,12963,12964,12966,12967,12972,12973,12975,12978,12980,12983,12984,12988,12992,
12996,12997,12998,13004,13005,13006,13010,13011,13017,13018,13019,13020,13021,13023,13024,
13026,13030,13031,13032,13034,13035,13040,13042,13044,13051,13053,13055,13059,13060,13063,
13064,13065,13072,13076,13080,13090,13091,13098,13100,13101,13106,13107,13108,13113,13116,
13118,13120,13121,13126,13130,13131,13133,13137,13139,13141,13142,13143,13148,13149,13150,
13151,13156,13158,13160,13162,13163,13164,13165,13166,13167,13168,13169,13171,13172,13175,
13177,13178,13180,13184,13186,13188,13191,13192,13195,13196,13197,13199,13202,13203,13204,
13205,13206,13211,13212,13213,13214,13215,13216,13219,13220,13221,13223,13224,13225,13227,
13229,13231,13232,13234,13237,13243,13244,13255,13256,13258,13259,13261,13262,13269,13270,
13271,13272,13279,13280,13281,13288,13289,13291,13295,13297,13298,13301,13303,13305,13310,
13312,13314,13315,13321,13323,13324,13326,13327,13328,13330,13331,13334,13337,13341,13345,
13346,13347,13350,13356,13357,13358,13359,13361,13363,13367,13369,13371,13373,13376,13378,
13379,13380,13381,13384,13386,13388,13389,13390,13394,13395,13396,13398,13399,13400,13402,
13403,13408,13409,13411,13412,13414,13415,13417,13419,13421,13423,13425,13426,13427,13428,
13429,13430,13436,13439,13440,13441,13442,13443,13447,13449,13450,13451,13455,13457,13461,
13462,13463,13466,13467,13468,13469,13470,13471,13474,13475,13478,13479,13480,13482,13485,
13487,13488,13489,13491,13493,13495,13498,13499,13503,13505,13507,13508,13511,13512,13515,
13516,13517,13519,13520,13521,13523,13524,13526,13527,13528,13533,13534,13535,13537,13538,
13542,13545,13549,13553,13555,13556,13557,13558,13563,13566,13569,13571,13572,13575,13577,
13578,13581,13583,13584,13585,13586,13588,13591,13593,13599,13602,13603,13606,13615,13616,
13622,13623,13624,13626,13627,13628,13629,13634,13638,13639,13643,13644,13646,13650,13653,
13654,13663,13668,13676,13681,13685,13686,13696,13698,13702,13704,13706,13707,13728,13733,
13734,13737,13738,13745,13747,13752,13754,13759,13760,13764,13766,13769,13771,13774,13775,
13776,13777,13780,13787,13791,13795,13798,13813,13818,13823,13833,13834,13836,13841,13847,
13852,13858,13859,13860,13861,13862,13863,13864,13876,13886,13887,13888,13898,13907,13918,
13922,13925,13930,13932,13937,13938,13941,13943,13955,13962,13977,13978,13986,13993,13997,
13999,14001,14007,14008,14011,14012,14018,14019,14023,14024,14031,14033,14035,14039,14041,
14043,14052,14053,14057,14061,14067,14069,14073,14074,14077,14085,14096,14097,14099,14100,
14103,14104,14110,14125,14129,14137,14139,14143,14149,14153,14156,14166,14170,14174,14175,
14185,14187,14188,14197,14204,14205,14211,14219,14223,14224,14229,14231,14236,14242,14246,
14251,14252,14259,14261,14270,14272,14277,14280,14286,14287,14295,14308,14309,14313,14315,
14319,14320,14325,14331,14334,14335,14336,14341,14351,14354,14358,14359,14361,14368,14369,
14375,14378,14379,14380,14382,14383,14387,14388,14390,14395,14397,14398,14399,14401,14403,
14408,14410,14412,14413,14414,14420,14423,14427,14428,14431,14437,14438,14444,14445,14452,
14453,14455,14458,14469,14471,14476,14477,14483,14484,14487,14488,14489,14491,14492,14493,
14497,14501,14503,14505,14527,14531,14536,14537,14545,14550,14551,14554,14555,14559,14564,
14567,14570,14574,14578,14590,14595,14596,14598,14599,14603,14605,14606,14616,14617,14619,
14621,14623,14625,14627,14630,14631,14633,14635,14637,14642,14646,14648,14660,14661,14663,
14665,14666,14669,14672,14673,14674,14675,14676,14677,14679,14680,14688,14689,14690,14692,
14699,14702,14704,14705,14707,14712,14713,14717,14719,14720,14731,14738,14740,14751,14759,
14767,14776,14787,14791,14794,14802,14805,14811,14812,14814,14817,14820,14822,14828,14829,
14830,14831,14832,14835,14838,14843,14844,14845,14847,14849,14854,14856,14859,14860,14861,
14863,14866,14867,14868,14874,14876,14877,14883,14884,14885,14886,14899,14903,14905,14908,
14909,14911,14913,14914,14918,14921,14924,14925,14931,14932,14938,14939,14940,14942,14943,
14944,14948,14949,14950,14951,14954,14955,14957,14961,14963,14964,14967,14969,14972,14976,
14991,14993,15005,15007,15008,15009,15012,15015,15016,15019,15020,15022,15024,15034,15036,
15039,15040,15043,15044,15045,15053,15055,15060,15064,15077,15080,15081,15082,15094,15101,
15106,15108,15110,15112,15115,15126,15130,15134,15136,15138,15140,15142,15147,15148,15153,
15156,15158,15162,15185,15190,15191,15194,15195,15203,15208,15211,15212,15214,15235,15241,
15243,15249,15256,15259,15261,15264,15265,15266,15268,15269,15281,15287,15290,15291,15296,
15297,15298,15309,15311,15312,15318,15321,15329,15344,15347,15348,15352,15358,15360,15361,
15368,15371,15373,15374,15375,15377,15380,15382,15384,15386,15387,15390,15391,15395,15399,
15402,15404,15407,15408,15415,15424,15429,15435,15441,15442,15446,15448,15451,15452,15453,
15463,15471,15473,15474,15477,15479,15482,15485,15486,15487,15491,15494,15495,15496,15497,
15506,15507,15510,15512,15514,15515,15518,15535,15538,15540,15544,15546,15547,15548,15551,
15559,15560,15567,15570,15573,15576,15579,15583,15584,15587,15588,15591,15592,15601,15607,
15609,15610,15614,15616,15618,15619,15646,15665,15669,15671,15682,15691,15705,15713,15718,
15721,15722,15723,15745,15768,15771,15778,15781,15782,15803,15826,15862,15869,15870,15872,
15874,15875,15876,15880,15883,15884,15885,15891,15893,15896,15899,15900,15901,15907,15911,
15918,15920,15926,15927,15929,15931,15936,15940,15941,15942,15943,15944,15949,15950,15952,
15954,15960,15963,15971,15972,15977,15980,15992,15997,15999,16000,16004,16006,16007,16009,
16011,16012,16021,16024,16025,16030,16033,16035,16036,16037,16038,16041,16044,16045,16050,
16054,16055,16061,16093,16096,16107,16114,16121,16125,16130,16136,16137,16141,16150,16163,
16167,16168,16170,16171,16173,16174,16179,16186,16188,16192,16196,16197,16198,16199,16203,
16210,16211,16212,16217,16218,16224,16233,16248,16260,16274,16280,16281,16291,16293,16294,
16295,16296,16297,16300,16309,16319,16329,16335,16337,16338,16341,16343,16355,16356,16364,
16369,16374,16376,16378,16379,16383,16386,16391,16392,16393,16395,16400,16401,16408,16417,
16419,16420,16423,16430,16441,16445,16457,16458,16459,16461,16469,16479,16495,16501,16506,
16515,16533,16541,16543,16556,16557,16567,16576,16584,16587,16590,16596,16597,16599,16601,
16602,16603,16605,16606,16607,16608,16615,16618,16623,16633,16637,16640,16644,16647,16652,
16654,16655,16657,16662,16663,16665,16666,16669,16671,16679,16682,16684,16687,16688,16689,
16699,16700,16701,16723,16727,16739,16740,16742,16743,16744,16747,16748,16751,16753,16761,
16764,16766,16777,16783,16785,16794,16795,16798,16811,16814,16815,16819,16820,16827,16835,
16837,16842,16843,16846,16847,16848,16851,16852,16853,16856,16857,16862,16863,16864,16865,
16869,16872,16873,16874,16878,16879,16880,16882,16885,16891,16892,16894,16896,16901,16904,
16910,16912,16913,16914,16916,16920,16922,16923,16925,16927,16932,16933,16934,16945,16946,
16949,16950,16961,16968,16970,16976,16999,17004,17008,17009,17010,17011,17021,17033,17037,
17041,17042,17043,17044,17046,17057,17062,17063,17066,17069,17070,17072,17075,17079,17080,
17086,17089,17090,17105,17110,17111,17116,17131,17132,17135,17136,17138,17147,17153,17156,
17159,17160,17163,17168,17174,17176,17178,17185,17186,17187,17193,17198,17202,17216,17241,
17242,17243,17250,17257,17265,17287,17293,17320,17324,17326,17330,17355,17391,17417,17449,
17498,17520,17572,17597,17598,17599,17600,17601,17602,17604,17606,17607,17612,17613,17614,
17615,17620,17621,17622,17627,17628,17630,17632,17633,17635,17650,17657,17660,17667,17679,
17684,17696,17712,17731,17735,17742,17744,17748,17749,17750,17754,17757,17758,17783,17788,
17790,17797,17805,17808,17810,17811,17820,17829,17835,17842,17847,17848,17849,17852,17859,
17860,17903,17916,17918,17925,17927,17928,17949,17953,17957,17958,17960,17961,17963,17997,
17998,17999,18000,18004,18059,18070,18077,18078,18079,18082,18083,18088,18089,18090,18150,
18158,18174,18175,18185,18187,18191,18193,18194,18197,18200,18202,18203,18206,18215,18218,
18227,18248,18252,18287,18313,18314,18328,18329,18334,18335,18343,18344,18349,18353,18354,
18357,18366,18369,18374,18377,18378,18392,18398,18400,18409,18417,18424,18426,18430,18434,
18455,18480,18483,18485,18487,18506,18514,18518,18523,18525,18546,18547,18550,18559,18580,
18599,18612,18634,18636,18641,18643,18647,18695,18703,18717,18764,18766,18773,18774,18775,
18778,18782,18784,18792,18796,18801,18803,18805,18812,18816,18823,18833,18834,18840,18850,
18851,18856,18864,18873,18878,18881,18888,18891,18893,18897,18937,18941,18943,18967,18978,
18979,18984,18997,18998,19001,19002,19003,19021,19027,19028,19030,19032,19040,19056,19068,
19072,19073,19074,19082,19088,19089,19091,19102,19106,19108,19109,19111,19112,19114,19119,
19120,19123,19124,19126,19132,19136,19149,19151,19158,19163,19165,19166,19179,19190,19198,
19208,19213,19214,19215,19218,19219,19230,19232,19237,19238,19239,19240,19243,19247,19248,
19249,19252,19257,19260,19261,19264,19268,19272,19274,19276,19279,19280,19281,19282,19283,
19284,19285,19288,19290,19292,19293,19294,19295,19296,19297,19300,19308,19309,19312,19319,
19330,19344,19345,19346,19347,19349,19352,19355,19356,19358,19360,19363,19367,19371,19391,
19397,19463,19493,19531,19532,19534,19537,19539,19540,19542,19544,19549,19550,19551,19554,
19556,19557,19558,19561,19565,19566,19569,19570,19573,19574,19603,19607,19635,19666,19697,
19702,19709,19717,19729,19730,19739,19755,19761,19780,19783,19798,19805,19806,19838,19843,
19855,19870,19871,19886,19937,19939,19951,19962,19964,19965,19966,19968,19973,19978,19981,
20002,20003,20005,20006,20007,20016,20023,20026,20028,20029,20030,20031,20034,20035,20037,
20038,20039,20041,20043,20044,20045,20046,20047,20049,20051,20052,20056,20058,20059,20060,
20062,20063,20066,20068,20072,20075,20076,20079,20080,20081,20082,20085,20086,20087,20090,
20091,20092,20095,20096,20098,20099,20100,20101,20103,20104,20105,20106,20110,20112,20113,
20115,20118,20119,20120,20121,20122,20124,20125,20129,20134,20135,20136,20137,20139,20140,
20141,20142,20148,20152,20154,20157,20162,20165,20169,20170,20172,20174,20175,20188,20193,
20195,20198,20214,20241,20282,20380,20382,20399,20434,20454,20475,20486,20509,20518,20520,
20521,20546,20561,20599,20616,20627,20630,20634,20641,20642,20643,20644,20647,20649,20650,
20651,20653,20658,20664,20680,20686,20694,20698,20706,20728,20729,20739,20740,20742,20743,
20754,20755,20756,20758,20760,20762,20765,20766,20767,20768,20769,20770,20771,20775,20777,
20780,20783,20784,20786,20787,20790,20793,20794,20795,20796,20798,20799,20800,20804,20806,
20807,20808,20812,20813,20814,20816,20820,20821,20822,20823,20824,20827,20833,20838,20840,
20841,20845,20846,20848,20849,20851,20854,20855,20858,20859,20860,20866,20867,20868,20869,
20871,20946,20978,21005,21031,21032,21044,21045,21046,21050,21052,21056,21059,21060,21061,
21062,21063,21065,21066,21067,21068,21075,21080,21082,21083,21084,21087,21091,21095,21097,
21098,21099,21100,21101,21103,21105,21106,21107,21109,21111,21112,21117,21118,21123,21126,
21127,21128,21135,21136,21137,21138,21146,21148,21150,21151,21152,21153,21154,21155,21156,
21168,21171,21174,21182,21184,21190,21191,21192,21194,21198,21199,21200,21201,21202,21203,
21204,21205,21206,21207,21215,21218,21226,21227,21233,21234,21262,21271,21276,21281,21282,
21284,21286,21287,21288,21294,21295,21299,21313,21314,21318,21319,21322,21323,21324,21331,
21332,21343,21344,21345,21351,21352,21354,21357,21360,21361,21372,21376,21379,21395,21402,
21483,21504,21509,21522,21527,21539,21590,21610,21611,21616,21635,21636,21641,21650,21651,
21653,21656,21657,21662,21665,21666,21667,21669,21672,21673,21674,21675,21682,21691,21693,
21694,21705,21714,21715,21716,21747,21749,21751,21752,21758,21820,21848,21849,21851,21852,
21853,21855,21859,21860,21861,21862,21863,21867,21870,21871,21875,21876,21877,21878,21880,
21883,21885,21886,21887,21891,21893,21894,21916,21917,21921,21922,21923,21925,21926,21928,
21929,21931,21933,21936,22015,22031,22052,22079,22080,22136,22138,22146,22152,22157,22163,
22167,22170,22223,22224,22227,22258,22259,22263,22264,22265,22293,22309,22311,22312,22313,
22315,22317,22318,22319,22322,22324,22326,22332,22335,22336,22338,22341,22342,22343,22345,
22346,22347,22348,22349,22354,22356,22357,22360,22361,22364,22366,22371,22375,22377,22379,
22387,22390,22393,22394,22396,22399,22401,22402,22403,22404,22405,22414,22415,22418,22419,
22420,22421,22422,22424,22425,22426,22427,22428,22429,22432,22437,22448,22450,22455,22456,
22457,22460,22461,22462,22463,22464,22467,22469,22472,22473,22474,22479,22481,22482,22483,
22484,22485,22486,22487,22489,22490,22493,22496,22497,22498,22499,22501,22504,22505,22506,
22507,22508,22510,22513,22514,22515,22521,22523,22525,22529,22530,22533,22534,22535,22537,
22542,22543,22545,22548,22549,22552,22554,22555,22559,22560,22561,22562,22563,22564,22565,
22566,22571,22572,22575,22576,22577,22578,22579,22582,22584,22585,22587,22590,22591,22593,
22594,22608,22615,22635,22654,22664,22665,22666,22668,22674,22708,22710,22715,22721,22722,
22723,22724,22729,22730,22731,22733,22741,22759,22764,22783,22792,22794,22812,22813,22814,
22815,22816,22820,22823,22824,22826,22829,22833,22834,22835,22836,22847,22859,22861,22865,
22879,22888,22889,22904,22909,22910,22914,22926,22939,22940,22950,22952,22966,22968,22970,
22975,22976,22978,22979,22980,22983,22987,23176,23178,23179,23184,23185,23186,23188,23189,
23190,23191,23192,23195,23205,23229,23231,23239,23259,23262,23270,23292,23312,23349,23362,
23364,23387,23394,23414,23440,23451,23463,23541,23551,23558,23574,23585,23587,23589,23590,
23592,23671,23739,23741,23766,23784,23896,23935,23951,23953,23956,23960,23991,24008,24067,
24115,24119,24127,24129,24135,24145,24147,24149,24164,24182,24183,24186,24187,24188,24239,
24319,24322,24325,24351,24355,24361,24365,24382,24390,24392,24406,24410,24411,24413,24450,
24457,24473,24476,24478,24479,24516,24546,24612,24652,24653,24655,24660,24665,24688,24689,
24709,24710,24730,24732,24776,24859,24940,24945,25010,25019,25307,25310,25331,25334,25336,
25358,25456,25459,25490,25491,25496,25499,25501,25503,25506,25525,25526,25527,25654,25688,
25689,25712,25728,25738,25741,25760,25789,25801,25803,25863,25871,25903,26037,26057,26136,
26152,26154,26171,26225,26267,26269,26311,26334,26335,26345,26367,26369,26370,26379,26380,
26421,26429,26430,26431,26433,26434,26438,26447,26489,26490,26516,26556,26612,26614,26660,
26664,26669,26670,26704,26877,26893,26955,26957,26977,26984,26986,26993,26994,26995,27003,
27015,27019,27020,27022,27024,27026,27029,27030,27031,27032,27048,27051,27053,27056,27058,
27074,27112,27113,27118,27123,27157,27161,27209,27243,27246,27248,27266,27267,27270,27273,
27277,27279,27281,27282,27285,27286,27288,27290,27291,27301,27302,27303,27305,27307,27308,
27327,27331,27333,27334,27336,27338,27339,27340,27347,27351,27354,27357,27359,27363,27366,
27367,27376,27377,27378,27380,27383,27385,27386,27387,27391,27392,27396,27413,27414,27421,
27429,27437,27440,27443,27455,27458,27465,27470,27490,27510,27521,27530,27537,27559,27560,
27566,27568,27570,27572,27574,27576,27577,27581,27582,27583,27596,27600,27602,27608,27611,
27614,27615,27619,27621,27627,27633,27637,27642,27644,27647,27649,27670,27681,27689,27690,
27712,27713,27719,27732,27735,27737,27741,27749,27766,27771,27794,27795,27797,27805,27826,
27832,27833,27836,27837,27850,27851,27852,27854,27855,27856,27857,27860,27862,27863,27880,
27889,27902,27904,27905,27908,27909,27911,27912,27916,27918,27919,27922,27923,27925,27926,
27928,27929,27931,27934,27936,27938,27975,27976,27979,27985,27986,27987,27988,27989,27990,
27993,27994,27996,27997,27998,28000,28001,28002,28003,28004,28005,28009,28010,28011,28014,
28015,28017,28018,28019,28020,28021,28022,28024,28025,28026,28027,28028,28029,28034,28046,
28049,28050,28051,28052,28053,28055,28066,28071,28072,28073,28074,28077,28079,28080,28091,
28096,28109,28119,28126,28139,28151,28180,28182,28185,28191,28194,28195,28196,28197,28198,
28200,28201,28205,28212,28226,28233,28238,28245,28246,28248,28257,28263,28270,28271,28272,
28306,28317,28319,28320,28321,28323,28328,28329,28331,28332,28334,28335,28336,28338,28339,
28340,28346,28347,28350,28352,28353,28440,28442,28443,28455,28478,28480,28483,28486,28489,
28515,28529,28531,28532,28533,28539,28551,28594,28596,28602,28603,28606,28614,28615,28618,
28623,28632,28633,28641,28643,28650,28651,28652,28655,28661,28662,28665,28670,28684,28703,
28714,28741,28745,28760,28772,28779,28787,28793,28806,28816,28828,28837,28860,28861,28862,
28865,28866,28896,28900,28955,28961,28966,28974,28977,28983,29049,29054,29071,29089,29092,
29093,29095,29128,29160,29163,29164,29182,29197,29205,29220,29221,29223,29224,29225,29258,
29265,29318,29324,29325,29342,29358,29368,29379,29384,29390,29398,29405,29425,29439,29459,
29462,29485,29491,29492,29496,29505,29510,29521,29529,29553,29558,29563,29583,29593,29597,
29598,29606,29608,29609,29611,29612,29618,29620,29621,29622,29625,29627,29629,29630,29631,
29632,29634,29635,29636,29638,29674,29675,29677,29687,29688,29692,29714,29731,29747,29750,
29769,29771,29774,29775,29779,29780,29781,29784,29785,29786,29787,29793,29794,29798,29803,
29807,29808,29813,29834,29868,29891,29896,29900,29904,29910,29911,29912,29915,29928,29952,
29955,29958,29959,29961,29963,29997,30000,30002,30003,30007,30008,30009,30016,30018,30020,
30032,30076,30100,30126,30159,30177,30182,30186,30188,30190,30193,30194,30195,30200,30202,
30203,30204,30206,30211,30214,30217,30219,30235,30238,30239,30245,30246,30249,30253,30254,
30257,30258,30259,30260,30261,30266,30268,30293,30294,30305,30307,30308,30312,30313,30326,
30342,30386,30405,30410,30418,30428,30441,30447,30451,30459,30472,30474,30492,30503,30510,
30520,30539,30541,30553,30567,30568,30569,30570,30571,30572,30618,30635,30677,30685,30686,
30691,30694,30707,30709,30719,30720,30724,30731,30732,30733,30734,30735,30737,30755,30758,
30768,30772,30776,30778,30779,30781,30787,30788,30789,30793,30795,30797,30798,30802,30806,
30830,30842,30843,30850,30852,30857,30858,30868,30871,30876,30885,30908,30911,30913,30914,
30920,30925,30926,30933,30949,30950,30951,30952,30954,30956,30958,30966,30971,30972,30974,
30982,30986,30987,30990,30991,31005,31007,31040,31045,31048,31052,31053,31054,31056,31064,
31065,31068,31069,31072,31073,31076,31077,31078,31100,31105,31107,31108,31109,31110,31111,
31113,31125,31158,31166,31181,31185,31186,31191,31196,31203,31222,31225,31234,31235,31245,
31246,31247,31252,31254,31287,31290,31377,31421,31424,31451,31474,31484,31520,31521,31549,
31566,31568,31569,31626,31654,31671,31672,31757,31807,31858,31864,31869,31870,31871,31872,
31876,31878,31881,31890,31901,31913,31917,31989,31994,32045,32046,32050,32054,32059,32063,
32067,32072,32074,32085,32086,32099,32114,32120,32121,32156,32157,32219,32220,32221,32225,
32233,32254,32279,32286,32296,32301,32303,32308,32310,32340,32358,32402,32403,32429,32439,
32474,32477,32480,32481,32490,32494,32496,32502,32505,32520,32529,32575,32588,32597,32605,
32610,32620,32622,32626,32635,32636,32638,32641,32642,32643,32644,32647,32650,32657,32658,
32663,32665,32669,32670,32673,32692,32742,32744,32746,32747,32748,32750,32752,32767,32770,
32772,32778,32783,32801,32834,32841,32862,32883,32907,32915,32916,32918,32919,32922,32931,
32932,32933,32936,32953,32957,32977,32986,33014,33023,33057,33065,33080,33088,33097,33121,
33123,33132,33133,33135,33151,33170,33172,33176,33178,33188,33199,33200,33205,33267,33269,
33271,33272,33275,33285,33288,33289,33290,33291,33293,33297,33298,33304,33309,33310,33373,
33378,33379,33380,33381,33383,33389,33393,33398,33399,33400,33403,33417,33433,33445,33460,
33467,33485,33486,33487,33491,33493,33495,33504,33532,33533,33554,33577,33580,33590,33593,
33595,33599,33604,33607,33611,33620,33623,33628,33631,33636,33643,33649,33666,33677,33680,
33688,33699,33708,33716,33718,33719,33721,33725,33730,33742,33743,33750,33751,33773,33774,
33775,33778,33779,33781,33782,33785,33786,33790,33848,33863,33879,33881,33883,33896,33899,
33900,33901,33903,33904,33906,33909,33911,33923,33926,33927,33931,33934,33967,33968,34011,
34021,34037,34070,34087,34088,34095,34099,34103,34105,34127,34165,34167,34169,34189,34195,
34206,34216,34239,34262,34266,34267,34268,34269,34270,34272,34284,34295,34368,34369,34370,
34372,34377,34382,34406,34412,34415,34424,34457,34459,34460,34463,34482,34505,34516,34538,
34545,34546,34549,34550,34554,34556,34558,34559,34579,34588,34592,34611,34614,34615,34616,
34617,34618,34621,34626,34629,34630,34631,34634,34635,34639,34644,34645,34646,34647,34648,
34649,34652,34654,34655,34656,34662,34664,34666,34675,34677,34685,34686,34689,34690,34691,
34697,34699,34706,34708,34715,34728,34729,34730,34732,34736,34744,34746,34748,34749,34751,
34752,34753,34755,34757,34761,34765,34766,34770,34771,34774,34779,34781,34785,34788,34791,
34798,34799,34802,34803,34805,34809,34810,34813,34814,34815,34819,34822,34825,34829,34831,
34832,34839,34841,34851,34852,34856,34857,34863,34864,34871,34874,34878,34881,34882,34883,
34886,34897,34905,34909,34918,34927,34928,34930,34931,34939,34940,34942,34947,34953,34956,
34966,34970,34977,34978,34982,34985,34987,34990,34991,35002,35009,35011,35012,35013,35016,
35018,35025,35034,35041,35042,35043,35047,35049,35053,35059,35060,35063,35075,35085,35092,
35094,35098,35102,35105,35109,35114,35120,35123,35125,35127,35132,35141,35145,35148,35149,
35153,35161,35163,35165,35166,35172,35174,35179,35181,35185,35186,35189,35190,35195,35197,
35198,35199,35205,35211,35212,35217,35219,35222,35223,35224,35239,35240,35244,35245,35252,
35259,35263,35265,35266,35268,35270,35271,35276,35277,35278,35284,35288,35289,35292,35294,
35296,35306,35308,35310,35313,35315,35316,35328,35330,35331,35335,35340,35346,35352,35355,
35356,35357,35361,35367,35389,35398,35402,35403,35405,35406,35407,35413,35414,35418,35429,
35432,35434,35435,35437,35438,35439,35442,35444,35445,35446,35448,35451,35454,35455,35458,
35460,35461,35466,35474,35479,35480,35481,35482,35488,35494,35495,35497,35498,35500,35501,
35502,35508,35509,35510,35515,35516,35520,35521,35522,35526,35530,35539,35541,35542,35545,
35547,35550,35553,35569,35571,35572,35573,35577,35579,35586,35595,35597,35599,35600,35601,
35605,35609,35614,35615,35616,35626,35631,35632,35646,35650,35651,35653,35655,35656,35657,
35658,35661,35662,35667,35670,35672,35673,35675,35676,35680,35682,35683,35688,35696,35697,
35700,35703,35704,35705,35706,35707,35709,35712,35718,35728,35730,35740,35744,35749,35756,
35762,35763,35765,35767,35769,35772,35773,35775,35777,35779,35780,35793,35794,35796,35798,
35800,35807,35809,35810,35814,35820,35827,35832,35833,35835,35838,35839,35840,35847,35848,
35849,35850,35854,35862,35865,35869,35871,35872,35874,35878,35881,35884,35885,35895,35896,
35900,35901,35902,35906,35912,35913,35917,35920,35924,35929,35931,35933,35935,35937,35941,
35945,35951,35955,35956,35963,35964,35968,35973,35974,35976,35978,35984,35985,35987,35988,
35989,36002,36006,36007,36008,36013,36015,36020,36023,36025,36026,36030,36032,36033,36038,
36040,36041,36044,36046,36047,36048,36051,36052,36053,36054,36057,36059,36061,36065,36066,
36067,36069,36070,36072,36073,36079,36080,36081,36085,36088,36090,36092,36096,36097,36113,
36114,36116,36118,36121,36134,36135,36137,36138,36140,36149,36153,36154,36156,36158,36159,
36161,36168,36173,36178,36180,36181,36184,36185,36189,36198,36200,36204,36205,36207,36209,
36211,36214,36215,36222,36231,36232,36234,36237,36258,36261,36262,36265,36270,36287,36289,
36290,36294,36295,36309,36310,36312,36318,36328,36329,36330,36341,36353,36361,36362,36364,
36365,36366,36367,36369,36370,36377,36378,36381,36387,36389,36390,36391,36393,36396,36397,
36399,36402,36403,36404,36411,36417,36421,36423,36429,36430,36431,36437,36440,36442,36443,
36446,36452,36456,36457,36458,36460,36461,36467,36471,36472,36473,36477,36478,36482,36488,
36491,36499,36503,36504,36505,36506,36511,36515,36520,36521,36523,36524,36525,36527,36530,
36536,36537,36539,36552,36556,36558,36559,36561,36567,36570,36579,36582,36583,36587,36592,
36593,36595,36598,36600,36602,36603,36604,36610,36612,36618,36624,36630,36632,36640,36642,
36645,36649,36651,36655,36658,36659,36663,36667,36669,36672,36674,36675,36676,36677,36682,
36683,36685,36689,36690,36692,36702,36707,36711,36712,36713,36714,36715,36720,36722,36724,
36726,36727,36733,36734,36735,36736,36740,36741,36742,36746,36747,36750,36752,36757,36759,
36760,36764,36765,36771,36772,36779,36780,36782,36783,36786,36789,36797,36803,36810,36815,
36817,36818,36820,36821,36825,36832,36833,36835,36845,36848,36860,36865,36871,36881,36885,
36894,36895,36896,36900,36904,36912,36914,36922,36925,36927,36928,36936,36948,36949,36950,
36951,36952,36954,36956,36957,36964,36965,36970,36983,36985,36987,37000,37005,37020,37032,
37035,37040,37049,37055,37076,37081,37085,37092,37096,37099,37102,37104,37106,37110,37111,
37116,37121,37127,37131,37134,37137,37138,37139,37141,37142,37145,37146,37147,37151,37152,
37156,37157,37164,37166,37179,37180,37183,37185,37189,37190,37201,37205,37207,37211,37212,
37215,37217,37218,37225,37228,37231,37234,37235,37237,37238,37241,37242,37249,37260,37262,
37263,37266,37271,37273,37278,37283,37292,37293,37296,37297,37299,37303,37308,37309,37313,
37314,37315,37320,37328,37329,37330,37332,37335,37336,37342,37343,37345,37346,37357,37360,
37362,37363,37364,37366,37371,37373,37379,37381,37384,37387,37388,37393,37396,37408,37409,
37411,37413,37414,37415,37416,37420,37421,37423,37424,37427,37433,37434,37435,37437,37441,
37472,37476,37477,37485,37486,37487,37489,37492,37494,37496,37502,37503,37505,37529,37530,
37553,37630,37631,37634,37637,37639,37645,37654,37655,37661,37666,37682,37695,37709,37722,
37729,37772,37776,37777,37780,37781,37795,37799,37801,37803,37815,37816,37838,37861,37863,
37868,37882,37884,37885,37888,37889,37901,37902,37909,37910,37911,37936,37942,37946,37947,
37949,37950,37952,38005,38050,38055,38082,38085,38088,38089,38090,38100,38103,38114,38118,
38129,38132,38133,38136,38138,38145,38146,38148,38151,38152,38164,38181,38215,38220,38225,
38235,38240,38242,38254,38262,38263,38306,38312,38314,38327,38328,38329,38330,38332,38335,
38336,38338,38343,38345,38347,38349,38356,38358,38360,38361,38362,38373,38378,38380,38384,
38388,38389,38391,38398,38399,38403,38404,38412,38415,38422,38423,38426,38428,38432,38436,
38445,38446,38465,38466,38467,38468,38469,38473,38476,38486,38500,38502,38503,38505,38506,
38511,38512,38514,38523,38524,38525,38527,38528,38531,38532,38535,38536,38537,38541,38542,
38543,38547,38550,38551,38552,38555,38557,38562,38569,38570,38576,38578,38582,38585,38586,
38590,38591,38594,38595,38596,38602,38603,38613,38625,38628,38633,38634,38636,38638,38640,
38655,38672,38679,38681,38682,38683,38686,38688,38692,38693,38694,38699,38700,38702,38711,
38724,38725,38737,38766,38781,38786,38807,38808,38822,38823,38824,38825,38826,38830,38841,
38842,38843,38844,38845,38847,38849,38864,38867,38869,38871,38872,38876,38877,38903,38907,
38908,38909,38914,38916,38917,38920,38923,38924,38926,38927,38930,38939,38959,38981,39011,
39013,39014,39015,39017,39018,39019,39020,39021,39023,39024,39027,39028,39029,39036,39037,
39038,39039,39084,39086,39087,39089,39090,39091,39092,39093,39098,39099,39100,39101,39119,
39123,39125,39130,39131,39132,39135,39136,39137,39138,39146,39158,39159,39168,39191,39192,
39193,39194,39195,39197,39199,39201,39202,39204,39205,39206,39207,39208,39210,39226,39248,
39249,39254,39257,39260,39304,39307,39314,39319,39341,39356,39364,39367,39371,39372,39375,
39379,39380,39395,39401,39404,39405,39427,39429,39430,39431,39432,39447,39448,39453,39461,
39471,39472,39480,39489,39490,39491,39492,39493,39495,39496,39497,39498,39500,39502,39509,
39515,39631,39635,39672,39673,39685,39699,39736,39758,39760,39765,39766,39767,39775,39778,
39786,39790,39824,39829,39854,39856,39859,39863,39864,39865,39866,39869,39870,39871,39872,
39873,39874,39875,39921,39923,39924,39934,39935,39937,39938,39939,39942,39944,39950,39953,
39955,39956,39961,39964,39966,39967,39968,39976,39978,39983,39987,39988,40030,40044,40045,
40047,40048,40049,40051,40052,40053,40054,40055,40057,40058,40061,40062,40064,40065,40070,
40073,40076,40078,40090,40097,40098,40106,40107,40108,40129,40132,40141,40144,40146,40147,
40148,40160,40164,40184,40185,40187,40188,40189,40190,40191,40193,40223,40225,40227,40228,
40232,40243,40246,40250,40251,40254,40257,40266,40269,40272,40273,40275,40276,40281,40282,
40283,40287,40288,40290,40297,40298,40299,40300,40304,40305,40307,40309,40311,40333,40469,
40507,40508,40509,40513,40514,40515,40516,40519,40621,40622,40623,40727,40760,40782,40786,
40787,40788,40794,40932,40985,41008,41010,41021,41022,41028,41029,41032,41033,41034,41035,
41037,41040,41041,41098,41102,41104,41109,41113,41123,41125,41126,41133,41152,41248,41251,
41268,41269,41273,41274,41275,41276,41277,41282,41283,41287,41288,41289,41296,41297,41298,
41300,41301,41302,41304,41305,41306,41307,41362,41366,41373,41380,41383,41396,41397,41402,
41406,41411,41415,41430,41470,41506,41537,41541,41563,41564,41565,41566,41569,41570,41571,
41572,41573,41577,41584,41585,41629,41631,41660,41661,41662,41664,41665,41672,41673,41707,
41715,41771,41783,41790,41792,41795,41796,41834,41838,41840,41864,41903,41905,41915,41948,
41972,41989,42003,42005,42012,42023,42036,42039,42040,42048,42049,42073,42075,42079,42127,
42173,42196,42197,42198,42202,42227,42241,42245,42253,42257,42263,42267,42290,42292,42294,
42299,42311,42312,42313,42314,42320,42336,42342,42343,42344,42350,42361,42363,42364,42384,
42396,42425,42433,42434,42437,42438,42457,42458,42467,42474,42481,42488,42490,42491,42492,
42496,42497,42498,42500,42501,42509,42517,42528,42530,42540,42555,42580,42590,42592,42607,
42608,42627,42648,42658,42694,42695,42705,42719,42730,42735,42753,42761,42762,42764,42769,
42772,42783,42812,42824,42829,42830,42831,42835,42838,42839,42849,42859,42862,42884,42885,
42886,42888,42889,42892,42904,42911,42913,42928,42930,42935,42940,42943,42953,42979,42990,
42999,43014,43022,43052,43061,43073,43077,43089,43092,43095,43113,43118,43119,43125,43126,
43143,43175,43180,43187,43217,43239,43278,43415,43460,43474,43493,43506,43588,43590,43606,
43689,43690,43700,43736,43751,43765,43811,43822,43925,43963,43984,44008,44017,44022,44072,
44074,44083,44168,44169,44203,44234,44267,44269,44270,44277,44314,44317,44322,44323,44325,
44330,44376,44377,44379,44380,44382,44439,44456,44457,44473,44481,44484,44558,44576,44599,
44606,44682,44720,44773,44839,44878,44882,44883,44884,44888,44889,44890,44892,44893,44907,
44925,45033,45034,45035,45040,45044,45131,45168,45170,45276,45312,45314,45332,45336,45369,
45370,45371,45413,45414,45520,45528,45538,45539,45540,45542,45606,45714,45784,45787,45792,
45793,45795,45799,45802,45804,45806,45808,45809,45823,45835,45841,45850,45862,45868,45879,
45892,45908,45946,45957,45959,45999,46011,46012,46015,46089,46097,46102,46104,46113,46127,
46131,46133,46145,46147,46152,46164,46165,46174,46178,46183,46187,46198,46206,46214,46321,
46391,46439,46480,46494,46535,46582,46584,46589,46592,46601,46607,46623,46624,46633,46634,
46650,46674,46677,46709,46753,46756,46774,46776,46789,46831,46832,46848,46883,46894,46895,
46903,46930,46934,46946,46953,47002,47035,47047,47066,47069,47093,47101,47102,47103,47104,
47130,47138,47140,47258,47259,47260,47265,47267,47270,47274,47277,47278,47281,47387,47388,
47413,47428,47431,47472,47481,47518,47520,47526,47553,47556,47557,47558,47561,47566,47568,
47570,47575,47702,47704,47707,47721,47724,47759,47769,47775,47794,47823,47852,47880,47888,
47890,47891,47915,47916,47952,47954,47955,47956,47957,47997,48003,48004,48006,48030,48032,
48039,48040,48043,48051,48054,48056,48057,48060,48061,48062,48063,48065,48066,48067,48079,
48104,48108,48185,48188,48189,48191,48193,48195,48196,48197,48203,48204,48216,48254,48255,
48256,48282,48350,48351,48373,48374,48375,48377,48378,48404,48405,48406,48407,48409,48411,
48412,48414,48415,48456,48483,48484,48502,48503,48504,48506,48507,48511,48516,48517,48518,
48574,48578,48589,48599,48607,48615,48616,48617,48620,48622,48624,48625,48632,48634,48636,
48643,48645,48647,48649,48652,48666,48669,48670,48685,48686,48687,48695,48697,48758,48760,
48829,48842,48844,48847,48849,48851,48852,48860,48863,48866,48869,48888,48889,48891,48896,
48897,48898,48900,48901,48902,48903,48904,48907,48909,48911,48913,48914,48925,48927,48928,
48931,48933,48935,48936,48937,48962,48969,48971,48972,48973,48974,48976,48978,48981,48983,
48984,48985,48986,48987,48988,48989,48991,48992,48993,48994,48995,48998,49001,49002,49003,
49005,49008,49009,49010,49012,49013,49014,49015,49016,49019,49020,49021,49022,49024,49026,
49028,49033,49036,49038,49046,49047,49048,49049,49050,49053,49054,49057,49059,49061,49064,
49065,49066,49068,49070,49072,49073,49075,49076,49077,49078,49079,49082,49086,49088,49089,
49091,49092,49095,49098,49101,49103,49104,49105,49106,49107,49108,49111,49112,49113,49140,
49141,49143,49154,49155,49156,49166,49167,49188,49189,49192,49194,49195,49196,49197,49198,
49199,49201,49204,49205,49206,49208,49222,49224,49225,49249,49250,49252,49253,49266,49279,
49289,49370,49373,49380,49383,49385,49387,49388,49389,49404,49406,49408,49410,49412,49416,
49420,49424,49425,49426,49430,49431,49432,49434,49435,49437,49439,49444,49449,49452,49458,
49459,49461,49462,49478,49480,49481,49482,49483,49484,49485,49486,49492,49493,49494,49506,
49508,49519,49521,49541,49546,49553,49555,49569,49572,49576,49577,49578,49594,49595,49604,
49605,49606,49615,49616,49617,49618,49619,49620,49646,49648,49652,49653,49654,49655,49657,
49659,49686,49687,49689,49691,49700,49701,49703,49704,49706,49707,49726,49727,49728,49729,
49731,49733,49736,49740,49741,49743,49744,49746,49747,49754,49757,49760,49782,49783,49785,
49787,49788,49789,49802,49804,49846,49860,49861,49862,49863,49864,49871,49873,49874,49875,
49876,49877,49880,49898,49899,49900,49939,49940,49941,49943,49948,49952,49954,49974,49977,
50061,50120,50121,50123,50125,50187,50300,50355,50420,50453,50459,50546,50557,50564,50641,
50693,50839,50844,50991,50992,51285,51286,51327,51347,51357,51363,51368,51376,51380,51381,
51384,51386,51389,51390,51392,51394,51396,51399,51400,51406,51407,51411,51412,51413,51414,
51416,51420,51426,51428,51430,51431,51434,51435,51436,51438,51440,51441,51447,51458,51459,
51461,51462,51463,51466,51468,51469,51471,51472,51473,51475,51476,51481,51489,51490,51491,
51497,51498,51499,51500,51502,51503,51505,51506,51508,51510,51512,51514,51517,51518,51519,
51521,51523,51524,51527,51529,51530,51531,51533,51535,51537,51538,51540,51541,51542,51544,
51549,51551,51552,51555,51557,51558,51559,51560,51566,51567,51568,51582,51583,51584,51585,
51586,51587,51588,51590,51593,51596,51600,51601,51603,51604,51605,51608,51609,51610,51611,
51612,51618,51620,51621,51623,51625,51632,51634,51637,51645,51647,51648,51649,51650,51652,
51654,51655,51656,51657,51658,51660,51670,51696,51698,51699,51701,51702,51705,51706,51713,
51714,51715,51717,51721,51723,51732,51734,51735,51736,51738,51739,51741,51742,51744,51746,
51748,51749,51750,51751,51752,51753,51759,51760,51764,51765,51767,51769,51777,51778,51779,
51783,51784,51789,51793,51797,51798,51799,51801,51809,51812,51813,51815,51819,51824,51838,
51839,51842,51843,51844,51846,51849,51853,51854,51855,51857,51862,51865,51876,51878,51897,
51922,51931,51992,52165,52167,52169,52170,52178,52185,52192,52264,52287,52290,52296,52302,
52308,52312,52329,52377,52399,52509,52513,52518,52538,52539,52721,52896,52914,52930,52933,
52966,53005,53025,53032,53033,53070,53110,53202,53219,53220,53222,53223,53224,53226,53227,
53228,53229,53231,53232,53233,53234,53235,53237,53238,53282,53293,53303,53305,53337,53356,
53361,53362,53363,53364,53366,53367,53368,53370,53371,53372,53373,53374,53375,53376,53379,
53380,53409,53410,53411,53418,53504,53505,53506,53510,53529,53537,53550,53552,53553,53555,
53565,53566,53619,53623,53629,53631,53640,53642,53667,53669,53673,53674,53675,53676,53677,
53682,53684,53685,53686,53687,53705,53706,53708,53774,53775,53778,53783,53785,53786,53787,
53795,53796,53797,53820,53829,53841,53842,53843,53844,53856,53857,53858,53859,53875,53898,
53899,53900,53910,53924,53940,53944,53945,53946,53947,53950,53951,53954,53955,53973,53974,
53977,53978,53980,53981,53983,53984,54004,54006,54007,54009,54012,54013,54014,54017,54019,
54020,54021,54022,54024,54028,54040,54046,54056,54057,54058,54061,54062,54065,54071,54073,
54077,54078,54079,54080,54082,54089,54090,54092,54094,54099,54101,54105,54106,54108,54111,
54112,54113,54114,54116,54118,54120,54121,54125,54127,54132,54136,54137,54139,54141,54142,
54143,54144,54146,54147,54152,54156,54158,54160,54161,54162,54165,54166,54168,54169,54171,
54172,54173,54175,54176,54179,54192,54194,54195,54199,54204,54205,54213,54214,54215,54219,
54223,54226,54227,54228,54233,54234,54235,54236,54237,54238,54239,54240,54243,54245,54246,
54247,54248,54253,54262,54263,54264,54265,54268,54269,54270,54271,54274,54276,54279,54280,
54284,54287,54288,54293,54298,54300,54302,54307,54309,54315,54318,54319,54320,54321,54334,
54335,54337,54338,54343,54357,54358,54359,54367,54375,54378,54379,54380,54382,54383,54384,
54385,54386,54387,54388,54406,54409,54412,54414,54417,54420,54423,54424,54425,54426,54428,
54430,54439,54440,54442,54454,54458,54460,54464,54468,54469,54470,54472,54473,54475,54476,
54477,54478,54481,54483,54487,54490,54494,54510,54511,54513,54515,54516,54524,54526,54527,
54530,54556,54558,54564,54577,54578,54579,54580,54582,54584,54585,54586,54596,54599,54605,
54606,54607,54611,54618,54619,54620,54623,54628,54630,54635,54636,54637,54640,54641,54642,
54643,54645,54646,54647,54648,54650,54651,54656,54657,54663,54675,54676,54678,54683,54687,
54688,54691,54693,54696,54700,54709,54712,54713,54714,54717,54719,54720,54721,54724,54725,
54726,54730,54732,54736,54738,54739,54742,54743,54744,54746,54747,54749,54750,54751,54754,
54758,54761,54765,54766,54769,54777,54793,54803,54808,54809,54813,54817,54822,54823,54826,
54827,54837,54838,54839,54840,54865,54867,54869,54873,54874,54875,54879,54880,54881,54905,
54908,54909,54917,54918,54919,54939,54941,54942,54943,54944,54953,54954,54955,54957,54967,
54971,54981,54984,54987,54988,54992,54993,55004,55005,55013,55014,55016,55017,55027,55028,
55032,55033,55034,55035,55036,55040,55054,55068,55127,55238,55248,55263,55266,55270,55298,
55301,55330,55333,55337,55391,55458,55459,55464,55469,55470,55493,55494,55551,55561,55570,
55573,55610,55618,55622,55625,55626,55627,55634,55646,55715,55725,55740,55746,55749,55750,
55805,55808,55811,55815,55818,55826,55890,55892,55893,55952,55957,55958,55959,55960,55988,
55989,55992,55993,55994,56000,56007,56008,56009,56011,56015,56035,56038,56039,56044,56058,
56059,56060,56132,56133,56270,56272,56274,56275,56290,56291,56295,56296,56298,56299,56325,
56329,56344,56350,56352,56366,56370,56373,56380,56381,56382,56384,56385,56386,56398,56402,
56406,56408,56409,56422,56439,56446,56456,56459,56473,56474,56479,56481,56484,56486,56490,
56491,56492,56505,56510,56520,56533,56534,56536,56537,56538,56539,56540,56541,56542,56544,
56573,56600,56601,56602,56603,56627,56639,56640,56660,56667,56678,56681,56684,56685,56706,
56730,56752,56756,56757,56758,56759,56761,56797,56798,56834,56836,56847,56850,56852,56854,
56855,56857,56858,56859,56865,56866,56867,56869,56870,56872,56876,56895,56930,56931,56941,
56958,56970,56971,56972,56973,56975,56983,57015,57020,57023,57026,57046,57050,57053,57061,
57069,57094,57103,57105,57128,57129,57152,57155,57157,57158,57173,57192,57227,57280,57281,
57282,57285,57286,57289,57292,57307,57311,57312,57315,57340,57342,57355,57386,57387,57388,
57414,57438,57440,57443,57444,57445,57446,57474,57484,57486,57487,57488,57490,57492,57507,
57509,57512,57513,57515,57539,57542,57544,57545,57620,57621,57624,57625,57638,57641,57647,
57650,57651,57667,57669,57679,57681,57682,57684,57685,57693,57703,57704,57708,57747,57749,
57751,57752,57774,57790,57797,57801,57810,57824,57828,57832,57842,57871,57872,57895,57903,
57911,57949,57950,57966,57967,57970,57989,57995,57996,57997,58012,58013,58016,58020,58064,
58066,58067,58072,58073,58074,58075,58076,58078,58079,58085,58086,58088,58089,58090,58092,
58102,58103,58171,58172,58173,58174,58179,58208,58210,58211,58212,58242,58272,58276,58288,
58289,58308,58311,58398,58449,58469,58470,58471,58479,58480,58481,58482,58486,58537,58604,
58631,58686,58752,58754,58757,58758,58759,58760,58765,58770,58793,58794,58796,58798,58800,
58803,58810,58837,58843,58889,58890,58957,58962,58964,58965,58981,58990,59008,59009,59039,
59040,59045,59074,59076,59077,59078,59095,59099,59123,59128,59129,59140,59142,59145,59146,
59149,59154,59155,59156,59158,59192,59201,59223,59225,59227,59228,59229,59230,59233,59240,
59255,59283,59449,59450,59463,59465,59468,59478,59486,59524,59526,59527,59539,59540,59541,
59542,59572,59600,59601,59603,59604,59607,59608,59613,59653,59654,59656,59696,59699,59701,
59702,59703,59709,59721,59725,59726,59753,59755,59766,59768,59771,59772,59774,59968,59970,
59972,59975,59976,60055,60059,60068,60102,60103,60104,60119,60120,60122,60123,60126,60128,
60131,60150,60158,60163,60164,60171,60172,60187,60188,60191,60193,60194,60202,60234,60235,
60236,60239,60240,60314,60315,60317,60319,60320,60323,60324,60345,60360,60361,60362,60363,
60366,60368,60371,60380,60407,60511,60524,60525,60539,60542,60569,60582,60594,60596,60597,
60642,60646,60648,60650,60663,60665,60666,60667,60668,60669,60673,60674,60676,60678,60680,
60682,60695,60696,60698,60721,60749,60750,60754,60772,60775,60776,60778,60780,60807,60809,
60810,60811,60813,60841,60843,60844,60846,60876,60877,60884,60896,60897,60900,60940,60943,
60946,60947,60948,60970,60978,60979,60980,60982,60985,61013,61017,61018,61042,61072,61075,
61078,61079,61080,61082,61083,61112,61133,61180,61263,61264,61265,61266,61267,61352,61353,
61355,61356,61357,61374,61382,61414,61421,61424,61446,61459,61563,61566,61574,61582,61583,
61590,61592,61595,61609,61615,61618,61620,61622,61710,61712,61714,61733,61766,61767,61769,
61781,61784,61785,61798,61800,61802,61803,61808,61814,61816,61825,61864,61866,61914,61918,
61919,61921,61971,61978,61979,62008,62013,62051,62052,62053,62063,62095,62103,62104,62107,
62109,62110,62147,62149,62150,62151,62156,62160,62161,62189,62199,62201,62204,62213,62219,
62220,62223,62225,62230,62238,62241,62242,62243,62244,62245,62247,62248,62260,62295,62320,
62329,62375,62376,62377,62379,62398,62399,62416,62417,62577,62578,62579,62580,62582,62585,
62610,62611,62613,62638,62703,62729,62742,62745,62749,62750,62751,62752,62756,62758,62774,
62776,62786,62815,62823,62863,62872,62873,62875,62876,62877,62925,62963,62964,62965,62968,
62981,62985,63000,63001,63005,63013,63015,63017,63040,63041,63042,63050,63051,63053,63054,
63055,63057,63058,63061,63063,63070,63072,63099,63102,63103,63104,63107,63108,63109,63110,
63111,63112,63114,63115,63116,63118,63166,63169,63199,63203,63204,63206,63209,63211,63220,
63236,63237,63324,63326,63328,63330,63333,63345,63346,63347,63349,63388,63389,63435,63436,
63437,63442,63468,63516,63529,63530,63532,63557,63565,63574,63575,63591,63603,63637,63644,
63645,63702,63742,63772,63774,63775,63788,63794,63823,63852,63890,63892,63962,63969,64005,
64021,64022,64023,64024,64031,64035,64073,64077,64102,64112,64115,64185,64186,64187,64188,
64189,64191,64197,64243,64246,64271,64274,64275,64284,64299,64317,64325,64341,64345,64351,
64360,64381,64382,64384,64387,64393,64399,64400,64401,64402,64403,64404,64417,64472,64480,
64485,64487,64488,64496,64498,64507,64508,64509,64512,64533,64570,64571,64607,64609,64612,
64613,64620,64623,64626,64665,64674,64675,64679,64691,64692,64693,64695,64700,64703,64704,
64707,64708,64709,64716,64718,64723,64724,64729,64730,64731,64732,64736,64755,64757,64788,
64789,64792,64810,64814,64816,64858,64859,64861,64892,64893,64894,64913,64915,64916,64938,
64940,64944,65030,65034,65051,65054,65060,65108,65114,65217,65229,65255,65297,65308,65319,
65327,65329,65331,65347,65384,65389,65392,65393,65397,65400,65427,65469,65471,65472,65538,
65540,65541,65543,65544,65545,65546,65585,65586,65588,65589,65591,65594,65598,65601,65660,
65668,65669,65687,65691,65693,65696,65715,65727,65729,65733,65779,65780,65781,65782,65783,
65784,65787,65788,65790,65791,65792,65793,65794,65795,65799,65814,65816,65817,65820,65864,
65867,65904,65918,65921,65922,65923,65924,65948,65961,65972,66091,66092,66093,66094,66102,
66122,66124,66126,66140,66141,66145,66180,66189,66205,66240,66243,66246,66254,66280,66292,
66294,66295,66296,66298,66480,66483,66503,66504,66507,66523,66524,66525,66528,66529,66530,
66531,66533,66537,66581,66583,66585,66589,66597,66598,66614,66616,66621,66657,66658,66659,
66660,66662,66693,66696,66697,66698,66699,66702,66703,66710,66711,66714,66715,66720,66729,
66730,66731,66732,66735,66736,66738,66748,66749,66751,66752,66754,66755,66809,66834,66835,
66836,66837,66872,66873,66874,66875,66877,66878,67047,67049,67117,67121,67122,67123,67124,
67125,67177,67178,67190,67191,67193,67195,67198,67205,67284,67285,67288,67310,67319,67320,
67339,67351,67352,67353,67413,67475,67476,67521,67522,67523,67526,67528,67529,67530,67532,
67533,67554,67595,67662,67671,67673,67674,67676,67677,67687,67688,67713,67765,67775,67778,
67781,67783,67784,67785,67799,67801,67802,67804,67805,67862,67889,67891,67899,67900,67902,
67904,67991,67993,67994,68011,68026,68041,68059,68062,68064,68065,68066,68068,68069,68070,
68072,68073,68087,68088,68103,68283,68310,68311,68312,68317,68322,68331,68341,68351,68352,
68353,68355,68425,68427,68430,68431,68478,68479,68481,68482,68483,68516,68559,68560,68561,
68623,68650,68651,68652,68653,68656,68657,68658,68669,68706,68777,68778,68779,68781,68785,
68786,68787,68788,68792,68793,68794,68795,68796,68797,68799,68818,68821,68822,68853,68865,
68872,68922,68923,68925,68928,68966,68967,68976,68982,69093,69102,69108,69117,69118,69122,
69170,69175,69177,69178,69180,69183,69195,69201,69202,69203,69204,69206,69227,69229,69288,
69289,69292,69294,69295,69309,69313,69399,69400,69401,69402,69403,69404,69406,69419,69452,
69471,69472,69473,69475,69500,69503,69506,69507,69517,69519,69522,69526,69527,69528,69615,
69616,69617,69632,69635,69636,69639,69676,69677,69678,69697,69698,69699,69709,69720,69722,
69735,69737,69745,69746,69748,69749,69757,69762,69763,69806,69807,69809,70086,70114,70116,
70117,70120,70122,70134,70143,70144,70164,70168,70169,70170,70178,70196,70197,70198,70202,
70231,70233,70234,70235,70236,70237,70244,70255,70345,70346,70347,70471,70474,70476,70498,
70499,70514,70559,70560,70561,70562,70564,70566,70567,70568,70621,70624,70628,70642,70702,
70705,70709,70721,70722,70723,70747,70749,70750,70751,70752,70755,70824,70825,70834,70840,
70841,70843,70848,70868,70873,70875,70877,70880,70882,70883,70893,70901,70902,70904,70905,
70909,70911,70912,70913,70916,70917,70928,70929,70930,70932,70991,70992,70993,70995,71031,
71032,71057,71058,71059,71066,71067,71118,71120,71123,71124,71125,71129,71131,71182,71183,
71197,71243,71244,71310,71411,71412,71443,71445,71446,71449,71450,71465,71477,71478,71481,
71496,71500,71531,71533,71567,71573,71574,71587,71603,71606,71607,71641,71644,71645,71681,
71692,71694,71719,71720,71722,71724,71725,71726,71767,71770,71771,71781,71785,71786,71791,
71792,71896,71897,71899,71904,71905,71908,71909,71910,72007,72008,72009,72027,72051,72083,
72140,72161,72162,72163,72164,72166,72229,72235,72237,72239,72241,72292,72332,72333,72395,
72435,72486,72496,72497,72499,72500,72501,72513,72526,72527,72528,72530,72545,72546,72547,
72548,72558,72561,72562,72564,72568,72570,72571,72572,72605,72606,72608,72610,72648,72653,
72656,72657,72658,72678,72681,72696,72718,72723,72743,72796,72819,72822,72826,72827,72828,
72831,72833,72834,72873,72880,72889,72890,72902,72903,72906,72907,72909,72980,72983,72984,
72985,73043,73044,73046,73047,73049,73050,73079,73080,73168,73169,73171,73181,73187,73200,
73209,73238,73320,73327,73346,73347,73349,73350,73352,73410,73411,73452,73479,73484,73499,
73505,73508,73509,73512,73513,73514,73515,73516,73529,73593,73603,73604,73656,73706,73707,
73719,73720,73721,73727,73746,73750,73752,73753,73754,73755,73765,73811,73812,73817,73833,
73834,73879,73895,73913,73914,73917,73919,73920,73921,73922,73925,73927,73954,73964,73967,
73979,73981,73982,73985,73987,73989,73995,73999,74001,74002,74009,74019,74080,74089,74090,
74091,74093,74137,74138,74139,74140,74141,74142,74143,74168,74170,74171,74172,74173,74190,
74193,74194,74197,74198,74224,74241,74248,74249,74273,74274,74275,74298,74329,74333,74334,
74335,74341,74345,74357,74421,74451,74452,74464,74466,74480,74486,74489,74490,74493,74497,
74506,74509,74511,74512,74526,74574,74575,74579,74580,74581,74603,74604,74605,74611,74631,
74632,74633,74762,74764,74775,74778,74782,74785,74790,74792,74844,74848,74849,74866,74868,
74872,74879,74894,74896,74917,74945,74946,74947,74950,74970,74975,74976,74977,74979,74980,
74993,75040,75042,75044,75057,75062,75064,75065,75067,75068,75070,75072,75112,75113,75114,
75116,75118,75120,75121,75123,75124,75128,75131,75133,75171,75198,75201,75205,75225,75227,
75228,75241,75243,75268,75292,75297,75300,75301,75302,75303,75304,75310,75326,75330,75332,
75333,75336,75374,75397,75401,75407,75414,75421,75422,75423,75424,75425,75428,75436,75437,
75438,75439,75440,75463,75466,75468,75472,75473,75474,75475,75476,75516,75517,75557,75559,
75560,75561,75566,75567,75568,75576,75591,75592,75593,75595,75597,75618,75619,75626,75633,
75634,75635,75703,75704,75706,75707,75708,75710,75744,75746,75757,75758,75759,75761,75766,
75770,75773,75774,75776,75779,75790,75791,75792,75813,75817,75821,75822,75829,75830,75831,
75834,75835,75836,75837,75838,75841,75842,75843,75853,75854,75855,75858,75862,75864,75865,
75866,75869,75870,75871,75885,75887,75888,75890,75891,75893,75896,75902,75906,75908,75909,
75910,75911,75941,75943,75948,75950,75954,75956,75957,75958,75959,75963,75964,75965,75991,
75992,75993,75994,75998,76014,76015,76021,76023,76024,76095,76096,76097,76098,76144,76145,
76147,76170,76171,76173,76190,76191,76220,76221,76285,76288,76289,76294,76298,76311,76312,
76313,76314,76316,76322,76323,76326,76328,76329,76331,76351,76352,76353,76354,76357,76369,
76379,76381,76394,76420,76421,76431,76442,76443,76469,76470,76471,76478,76480,76481,76482,
76485,76503,76509,76510,76511,76513,76532,76533,76534,76535,76536,76590,76591,76592,76662,
76663,76664,76687,76697,76699,76700,76744,76745,76747,76748,76754,76756,76757,76758,76759,
76812,76813,76814,76815,76816,76818,76822,76830,76832,76836,76837,76840,76843,76855,76856,
76872,76900,76905,76906,76907,76909,76912,77030,77031,77032,77041,77042,77043,77044,77046,
77047,77091,77092,77100,77124,77126,77127,77128,77131,77186,77187,77208,77211,77235,77256,
77257,77258,77259,77264,77267,77271,77272,77281,77282,77287,77319,77343,77347,77351,77352,
77353,77354,77363,77389,77399,77408,77410,77418,77419,77420,77421,77450,77451,77452,77461,
77462,77463,77464,77465,77505,77506,77508,77509,77529,77531,77532,77540,77541,77542,77545,
77549,77550,77551,77556,77557,77588,77651,77653,77660,77663,77667,77696,77698,77699,77701,
77704,77705,77726,77752,77822,77824,77825,77826,77827,77829,77830,77835,77836,77837,77838,
77859,77860,77861,77862,77863,77865,77897,77898,77900,77901,77902,77905,77906,77907,77908,
77919,77921,77954,77955,78002,78004,78042,78044,78045,78048,78051,78052,78063,78097,78100,
78102,78109,78110,78115,78116,78125,78135,78138,78155,78156,78157,78184,78187,78217,78222,
78223,78225,78302,78303,78336,78353,78355,78357,78358,78364,78366,78368,78369,78395,78396,
78400,78401,78421,78427,78429,78447,78448,78450,78451,78452,78455,78470,78471,78472,78484,
78485,78486,78487,78509,78539,78540,78550,78551,78583,78584,78586,78587,78588,78589,78591,
78594,78623,78628,78629,78630,78631,78632,78633,78664,78666,78677,78698,78705,78731,78741,
78747,78751,78761,78811,78847,78848,78850,78854,78861,78863,78864,78874,78888,78889,78917,
78918,78919,78955,78965,78969,78979,78980,78981,78984,78986,78988,78992,78993,78996,78999,
79093,79094,79097,79121,79123,79125,79126,79164,79165,79167,79177,79178,79219,79220,79221,
79224,79225,79290,79295,79304,79305,79316,79317,79320,79321,79323,79348,79350,79351,79352,
79353,79363,79400,79432,79433,79435,79437,79469,79471,79480,79481,79487,79490,79544,79547,
79548,79626,79627,79629,79649,79650,79654,79655,79656,79660,79667,79671,79672,79673,79674,
79687,79689,79698,79703,79704,79705,79706,79707,79725,79726,79727,79728,79729,79730,79731,
79732,79741,79742,79759,79762,79763,79764,79791,79792,79793,79801,79802,79820,79821,79822,
79827,79828,79838,79846,79848,79851,79852,79854,79865,79866,79867,79868,79869,79872,79873,
79874,79875,79876,79877,79891,79892,79903,79906,79927,79928,79930,79955,79957,79958,79971,
80025,80026,80028,80067,80085,80086,80089,80109,80113,80115,80137,80138,80176,80178,80182,
80183,80186,80192,80194,80263,80317,80318,80322,80323,80324,80325,80328,80334,80336,80338,
80354,80355,80356,80357,80366,80368,80369,80371,80377,80402,80403,80404,80405,80410,80411,
80445,80447,80448,80455,80456,80459,80461,80463,80476,80478,80480,80482,80488,80493,80494,
80497,80498,80528,80531,80532,80535,80542,80544,80545,80548,80549,80550,80553,80555,80560,
80562,80567,80570,80573,80588,80591,80592,80593,80597,80604,80605,80607,80609,80613,80615,
80628,80629,80630,80631,80632,80634,80637,80674,80677,80679,80681,80684,80686,80687,80688,
80697,80698,80699,80702,80703,80720,80723,80725,80727,80732,80747,80768,80779,80780,80781,
80783,80785,80786,80787,80788,80793,80794,80796,80800,80803,80810,80812,80813,80846,80854,
80882,80888,80889,80892,80902,80906,80907,80922,80923,80925,80942,80943,80947,80966,80967,
80970,80972,80976,80977,80987,80989,81027,81028,81029,81031,81032,81036,81039,81040,81041,
81056,81059,81061,81063,81067,81068,81094,81095,81106,81116,81121,81122,81123,81126,81127,
81128,81136,81183,81187,81188,81190,81191,81203,81214,81215,81216,81219,81225,81228,81229,
81256,81257,81276,81278,81280,81295,81314,81348,81352,81354,81367,81373,81374,81377,81378,
81380,81388,81390,81392,81407,81408,81409,81411,81416,81421,81422,81423,81429,81434,81436,
81437,81443,81444,81445,81447,81500,81505,81514,81528,81536,81537,81538,81567,81588,81589,
81591,81592,81594,81598,81609,81610,81611,81612,81613,81633,81637,81639,81640,81641,81642,
81646,81649,81652,81653,81654,81659,81676,81705,81710,81725,81726,81738,81740,81745,81746,
81771,81772,81773,81798,81799,81872,81873,81874,81875,81876,81878,81887,81891,81892,81967,
81975,81976,81977,81980,81983,81988,81989,81990,81991,81992,82036,82037,82039,82040,82065,
82066,82077,82113,82115,82127,82128,82129,82133,82136,82173,82175,82178,82179,82181,82185,
82187,82206,82207,82208,82238,82256,82274,82275,82285,82287,82318,82319,82320,82331,82332,
82333,82334,82360,82361,82367,82368,82370,82371,82372,82404,82405,82406,82409,82410,82427,
82428,82439,82440,82442,82444,82446,82447,82448,82450,82537,82538,82546,82557,82558,82573,
82574,82575,82576,82579,82580
END_

! ----------------------------------------------------------------
!
! Design Response: Stiffness_Measure
!
DRESP
  ID_NAME = Stiffness_Measure
  LIST = NO_LIST
  DEF_TYPE = SYSTEM
  EL_GROUP = ALL_ELEMENTS
  TYPE = ENERGY_STIFF_MEASURE
  GROUP_OPER = SUM
  LC_SEL = SUM 
  LC_SET = STATIC, ALL, ALL, MAX
END_

! ----------------------------------------------------------------
!
! Design Response: Mass_DResp_1
!
DRESP
  ID_NAME = Mass_DResp_1
  LIST = NO_LIST
  DEF_TYPE = SYSTEM
  EL_GROUP = ALL_ELEMENTS
  TYPE = WEIGHT
  GROUP_OPER = SUM
END_

! ----------------------------------------------------------------
!
!
! Design Area: Task1_DESIGN_AREA
!
DV_TOPO
  ID_NAME = Task1_DESIGN_AREA
  EL_GROUP = ALL_ELEMENTS
END_

! ----------------------------------------------------------------
!
! Objective Function: StiffnessEnergy_Obj_Func
!
OBJ_FUNC
  ID_NAME = StiffnessEnergy_Obj_Func
  DRESP = Stiffness_Measure, 1.0
  TARGET = MIN
END_

! ----------------------------------------------------------------
!
! Constraint: Mass_Constraint_1
!
CONSTRAINT
  ID_NAME = Mass_Constraint_1
  DRESP = Mass_DResp_1
  MAGNITUDE = REL
  LE_VALUE = 0.4
END_

! ----------------------------------------------------------------
!
! Geometric Restriction: Frozen_ManufacConstraint_2
!
DVCON_TOPO
  ID_NAME = Frozen_ManufacConstraint_2
  EL_GROUP = FROZEN_AREA_ELEMS_GRP_1
  CHECK_TYPE = FROZEN
END_

! ----------------------------------------------------------------
!
! CS_DEF: Datum_CSys_4
!
CS_DEF
  ID_NAME = Datum_CSys_4
  CS_TYPE = RECTANGULAR
  DEF_TYPE = LOCAL
  CS_REF = CS_0
  ORIGIN_123 = 0.000000, 0.000000, 0.000000
  ROTATION_321 = 0.000000, 90.000000, 0.000000
END_

! ----------------------------------------------------------------
!
! CS_DEF: Datum_CSys_5
!
CS_DEF
  ID_NAME = Datum_CSys_5
  CS_TYPE = RECTANGULAR
  DEF_TYPE = LOCAL
  CS_REF = CS_0
  ORIGIN_123 = 0.000000, 0.050000, 0.000000
  ROTATION_321 = 0.000000, -0.000000, -90.000000
END_

! ----------------------------------------------------------------
!
! Geometric Restriction: Symm_ManufacConstraint_3-1
!
LINK_TOPO
  ID_NAME = Symm_ManufacConstraint_3-1_LINK_
  TYPE = PLANE_SYM, AXIS_3
  CS = Datum_CSys_4 
  IGNORE_FROZEN = FALSE
END_

DVCON_TOPO
  ID_NAME = Symm_ManufacConstraint_3-1
  EL_GROUP = ALL_ELEMENTS
  CHECK_TYPE = LINK_TOPO
  CHECK_LINK = Symm_ManufacConstraint_3-1_LINK_
END_

! ----------------------------------------------------------------
!
! Geometric Restriction: Symm_ManufacConstraint_3-2
!
LINK_TOPO
  ID_NAME = Symm_ManufacConstraint_3-2_LINK_
  TYPE = PLANE_SYM, AXIS_3
  CS = CS_0 
  IGNORE_FROZEN = FALSE
END_

DVCON_TOPO
  ID_NAME = Symm_ManufacConstraint_3-2
  EL_GROUP = ALL_ELEMENTS
  CHECK_TYPE = LINK_TOPO
  CHECK_LINK = Symm_ManufacConstraint_3-2_LINK_
END_

! ----------------------------------------------------------------
!
! Geometric Restriction: Symm_ManufacConstraint_3-3
!
LINK_TOPO
  ID_NAME = Symm_ManufacConstraint_3-3_LINK_
  TYPE = PLANE_SYM, AXIS_3
  CS = Datum_CSys_5 
  IGNORE_FROZEN = FALSE
END_

DVCON_TOPO
  ID_NAME = Symm_ManufacConstraint_3-3
  EL_GROUP = ALL_ELEMENTS
  CHECK_TYPE = LINK_TOPO
  CHECK_LINK = Symm_ManufacConstraint_3-3_LINK_
END_

! ----------------------------------------------------------------
!
!
! Optimize: OPTIMIZE_1_TOPOLOGY_OPTIMIZATION_CONTROLLER 
!
OPTIMIZE
  ID_NAME = OPTIMIZE_1_TOPOLOGY_OPTIMIZATION_SENSITIVITY
  DV = Task1_DESIGN_AREA
  OBJ_FUNC = StiffnessEnergy_Obj_Func
  DVCON = Frozen_ManufacConstraint_2
  DVCON = Symm_ManufacConstraint_3-1
  DVCON = Symm_ManufacConstraint_3-2
  DVCON = Symm_ManufacConstraint_3-3
  CONSTRAINT = Mass_Constraint_1
  STRATEGY = TOPO_SENSITIVITY
END_

OPT_PARAM
  ID_NAME = OPTIMIZE_1_TOPOLOGY_OPTIMIZATION_SENSITIVITY_OPT_PARAM_
  OPTIMIZE = OPTIMIZE_1_TOPOLOGY_OPTIMIZATION_SENSITIVITY
  DV_UPDATE_STRATEGY = CSA
  AUTO_FROZEN = BOTH
  AUTO_FROZEN_CON = BOTH
  STOP_CRITERION_LEVEL = BOTH
  STOP_CRITERION_OBJ = 0.001
  STOP_CRITERION_DENSITY = 0.005
END_

STOP
  ID_NAME = Task-1_GLOBAL_STOP_CONDITION_
  ITER_MAX = 75
END_

